DOF,L-Ank,L-Kne,L-Hip,Trunk,R-Hip,R-Kne,R-Ank
L-Ank,0.00,0.82,0.71,0.65,0.68,0.73,0.76
L-Kne,0.82,0.00,0.78,0.69,0.66,0.75,0.72
L-Hip,0.71,0.78,0.00,0.74,0.70,0.64,0.63
Trunk,0.65,0.69,0.74,0.00,0.73,0.67,0.62
R-Hip,0.68,0.66,0.70,0.73,0.00,0.79,0.72
R-Kne,0.73,0.75,0.64,0.67,0.79,0.00,0.81
R-Ank,0.76,0.72,0.63,0.62,0.72,0.81,0.00
